203009
724002
723694
723695
725067
725068
723855
723856
723859
723860
723861
723862
723863
723864
723865
1088000
1088001
723700
700073
1200005
723017
201009
202009
730003
730004
730005
730006
721259
723583
723584
1200000
1200001
1200002
2100025
2100045
723701
752001
752003
752009
752099
752999
700102
700122
700012
700002
700032
700062
700052
700022
700042
723087
723717
143008
136008
610028
191405
182365
182325
181385
182335
182345
182385
181375
182305
181365
181345
182315
181335
191305
181305
181405
181505
181605
181705
181805
181905
181315
181415
181515
181615
181715
181815
181915
181325
181425
181525
181625
181725
181825
181925
181355
720828
730001
1060020
1060023
1060022
1060021
1060024
1060039
1100003
1100006
727000
730007
730008
700103
700123
700013
700003
700033
700063
700053
700023
700043
721091
721092
721093
721094
721095
723340
723342
1100009
183325
183315
183375
350011
350012
350014
350015
350016
350017
350018
350019
350020
360021
360022
360023
360024
360025
360026
360027
360028
360029
360030
360031
360032
360033
360034
360035
360036
360037
360038
360039
360040
370011
370012
370013
370014
370015
380011
380012
380013
380014
380015
720650
720651
720652
720671
720672
822053
822055
820052
820053
800414
823041
823043
800014
800015
800016
800214
800512
800613
184375
187305
184325
721224
721225
721226
721227
721228
721229
721230
721231
721232
721233
721234
721235
721236
721237
721238
721239
721240
721241
721242
721243
721244
721245
721222
721223
193300
194300
727347
727348
727349
727350
727351
727352
727353
728035
728036
728037
728038
728053
728048
728056
728039
728052
728059
728040
728051
728055
728058
728041
728049
728054
728050
728057
728042
728043
728044
728045
728046
728047
728060
728061
728062
728063
728064
728065